Left Team Angle Matrix (radians):
0.0000 1.5708 1.5708 3.1416 2.6779 2.3562 3.1416 2.9764 2.8198 2.6779 2.9764
1.5708 0.0000 1.5708 2.6779 3.1416 2.6779 2.8966 3.0585 3.0585 2.8966 3.1416
1.5708 1.5708 0.0000 2.3562 2.6779 3.1416 2.6779 2.8198 2.9764 3.1416 2.9764
0.0000 0.4636 0.7854 0.0000 1.5708 1.5708 3.1416 2.8198 2.5536 2.3562 2.8966
0.4636 0.0000 0.4636 1.5708 0.0000 1.5708 2.6779 2.9764 2.9764 2.6779 3.1416
0.7854 0.4636 0.0000 1.5708 1.5708 0.0000 2.3562 2.5536 2.8198 3.1416 2.8966
0.0000 0.2450 0.4636 0.0000 0.4636 0.7854 0.0000 1.5708 1.5708 1.5708 2.6779
0.1651 0.0831 0.3218 0.3218 0.1651 0.5880 1.5708 0.0000 1.5708 1.5708 2.9764
0.3218 0.0831 0.1651 0.5880 0.1651 0.3218 1.5708 1.5708 0.0000 1.5708 2.9764
0.4636 0.2450 0.0000 0.7854 0.4636 0.0000 1.5708 1.5708 1.5708 0.0000 2.6779
0.1651 0.0000 0.1651 0.2450 0.0000 0.2450 0.4636 0.1651 0.1651 0.4636 0.0000

Right Team Angle Matrix (radians):
0.0000 1.5708 1.5708 3.1416 2.6779 2.3562 3.1416 2.9764 2.8198 2.6779 2.9764
1.5708 0.0000 1.5708 2.6779 3.1416 2.6779 2.8966 3.0585 3.0585 2.8966 3.1416
1.5708 1.5708 0.0000 2.3562 2.6779 3.1416 2.6779 2.8198 2.9764 3.1416 2.9764
0.0000 0.4636 0.7854 0.0000 1.5708 1.5708 3.1416 2.8198 2.5536 2.3562 2.8966
0.4636 0.0000 0.4636 1.5708 0.0000 1.5708 2.6779 2.9764 2.9764 2.6779 3.1416
0.7854 0.4636 0.0000 1.5708 1.5708 0.0000 2.3562 2.5536 2.8198 3.1416 2.8966
0.0000 0.2450 0.4636 0.0000 0.4636 0.7854 0.0000 1.5708 1.5708 1.5708 2.6779
0.1651 0.0831 0.3218 0.3218 0.1651 0.5880 1.5708 0.0000 1.5708 1.5708 2.9764
0.3218 0.0831 0.1651 0.5880 0.1651 0.3218 1.5708 1.5708 0.0000 1.5708 2.9764
0.4636 0.2450 0.0000 0.7854 0.4636 0.0000 1.5708 1.5708 1.5708 0.0000 2.6779
0.1651 0.0000 0.1651 0.2450 0.0000 0.2450 0.4636 0.1651 0.1651 0.4636 0.0000
