Left Team Angle Matrix (radians):
0.0000 3.1416 3.1416 1.7359 2.2655 1.8158 1.5375 1.6705 1.8000 1.9222
0.0000 0.0000 3.1416 1.2490 1.8925 1.5708 1.3734 1.5042 1.6374 1.7682
0.0000 0.0000 0.0000 0.8761 1.4056 1.3258 1.2194 1.3416 1.4711 1.6041
1.4056 1.8925 2.2655 0.0000 3.1416 1.8925 1.4382 1.6374 1.8314 2.0074
0.8761 1.2490 1.7359 0.0000 0.0000 1.2490 1.1342 1.3102 1.5042 1.7033
1.3258 1.5708 1.8158 1.2490 1.8925 0.0000 1.0304 1.3734 1.7682 2.1112
1.6041 1.7682 1.9222 1.7033 2.0074 2.1112 0.0000 3.1416 3.1416 3.1416
1.4711 1.6374 1.8000 1.5042 1.8314 1.7682 0.0000 0.0000 3.1416 3.1416
1.3416 1.5042 1.6705 1.3102 1.6374 1.3734 0.0000 0.0000 0.0000 3.1416
1.2194 1.3734 1.5375 1.1342 1.4382 1.0304 0.0000 0.0000 0.0000 0.0000

Right Team Angle Matrix (radians):
0.0000 1.1071 1.5708 2.0344 1.4056 1.7359 1.3734 1.5042 1.6374 1.7682
2.0344 0.0000 3.1416 3.1416 1.7359 2.2655 1.5208 1.7197 1.9075 2.0736
1.5708 0.0000 0.0000 3.1416 1.2490 1.8925 1.2793 1.4711 1.6705 1.8623
1.1071 0.0000 0.0000 0.0000 0.8761 1.4056 1.0680 1.2341 1.4219 1.6208
1.7359 1.4056 1.8925 2.2655 0.0000 3.1416 1.3102 1.7033 2.0608 2.3217
1.4056 0.8761 1.2490 1.7359 0.0000 0.0000 0.8199 1.0808 1.4382 1.8314
1.7682 1.6208 1.8623 2.0736 1.8314 2.3217 0.0000 3.1416 3.1416 3.1416
1.6374 1.4219 1.6705 1.9075 1.4382 2.0608 0.0000 0.0000 3.1416 3.1416
1.5042 1.2341 1.4711 1.7197 1.0808 1.7033 0.0000 0.0000 0.0000 3.1416
1.3734 1.0680 1.2793 1.5208 0.8199 1.3102 0.0000 0.0000 0.0000 0.0000
